#  index    confid      step    natoms          aene        maxfrc         score
       0         8         0        19       -6.0894        0.1016       -6.0894
       1         8         1        19       -6.0895        0.0915       -6.0895
       2         8         2        19       -6.0895        0.1422       -6.0895
       3         8         3        19       -6.0895        0.1144       -6.0895
       4         8         4        19       -6.0895        0.1880       -6.0895
       5         8         5        19       -6.0895        0.1595       -6.0895
       6         8         6        19       -6.0895        0.0717       -6.0895
       7         8         7        19       -6.0895        0.1122       -6.0895
       8         8         8        19       -6.0895        0.0511       -6.0895
       9         8         9        19       -6.0895        0.0483       -6.0895
      10         3         0        19       -6.0520        0.3248       -6.0520
      11         3         1        19       -6.0523        0.2933       -6.0523
      12         3         2        19       -6.0525        0.9170       -6.0525
      13         3         3        19       -6.0527        0.7092       -6.0527
      14         3         4        19       -6.0528        0.3491       -6.0528
      15         3         5        19       -6.0528        0.6118       -6.0528
      16         3         6        19       -6.0529        0.3361       -6.0529
      17         3         7        19       -6.0529        0.3344       -6.0529
      18         3         8        19       -6.0531        0.3194       -6.0531
      19         3         9        19       -6.0533        0.2852       -6.0533
      20         3        10        19       -6.0536        0.2288       -6.0536
      21         3        11        19       -6.0536        0.2008       -6.0536
      22         3        12        19       -6.0538        0.1609       -6.0538
      23         3        13        19       -6.0540        0.0989       -6.0540
      24         3        14        19       -6.0540        0.1244       -6.0540
      25         3        15        19       -6.0540        0.4637       -6.0540
      26         3        16        19       -6.0540        0.2995       -6.0540
      27         3        17        19       -6.0541        0.2373       -6.0541
      28         3        18        19       -6.0541        0.0786       -6.0541
      29         3        19        19       -6.0541        0.0726       -6.0541
      30         3        20        19       -6.0541        0.0514       -6.0541
      31         3        21        19       -6.0541        0.0405       -6.0541
      32         1         0        19       -6.0338        0.4457       -6.0338
      33         1         1        19       -6.0344        0.3912       -6.0344
      34         1         2        19       -6.0351        0.8059       -6.0351
      35         1         3        19       -6.0354        0.3332       -6.0354
      36         1         4        19       -6.0355        0.3069       -6.0355
      37         1         5        19       -6.0357        0.2595       -6.0357
      38         1         6        19       -6.0361        0.2051       -6.0361
      39         1         7        19       -6.0365        0.1726       -6.0365
      40         1         8        19       -6.0366        0.1944       -6.0366
      41         1         9        19       -6.0366        0.5327       -6.0366
      42         1        10        19       -6.0367        0.4849       -6.0367
      43         1        11        19       -6.0368        0.3532       -6.0368
      44         1        12        19       -6.0369        0.1492       -6.0369
      45         1        13        19       -6.0369        0.1848       -6.0369
      46         1        14        19       -6.0370        0.1762       -6.0370
      47         1        15        19       -6.0370        0.1452       -6.0370
      48         1        16        19       -6.0371        0.0866       -6.0371
      49         1        17        19       -6.0371        0.1904       -6.0371
      50         1        18        19       -6.0372        0.1107       -6.0372
      51         1        19        19       -6.0372        0.1762       -6.0372
      52         1        20        19       -6.0372        0.2119       -6.0372
      53         1        21        19       -6.0372        0.2025       -6.0372
      54         1        22        19       -6.0373        0.1691       -6.0373
      55         1        23        19       -6.0374        0.1001       -6.0374
      56         1        24        19       -6.0374        0.0783       -6.0374
      57         1        25        19       -6.0374        0.0816       -6.0374
      58         1        26        19       -6.0375        0.2551       -6.0375
      59         1        27        19       -6.0375        0.1786       -6.0375
      60         1        28        19       -6.0375        0.0858       -6.0375
      61         1        29        19       -6.0375        0.0835       -6.0375
      62         1        30        19       -6.0375        0.0777       -6.0375
      63         1        31        19       -6.0376        0.0671       -6.0376
      64         1        32        19       -6.0376        0.0782       -6.0376
      65         1        33        19       -6.0376        0.0636       -6.0376
      66         1        34        19       -6.0376        0.1543       -6.0376
      67         1        35        19       -6.0376        0.0440       -6.0376
      68         1        36        19       -6.0376        0.0432       -6.0376
      69         0         0        19       -6.0146        0.3340       -6.0146
      70         0         1        19       -6.0148        0.3220       -6.0148
      71         0         2        19       -6.0150        0.6833       -6.0150
      72         0         3        19       -6.0151        0.5591       -6.0151
      73         0         4        19       -6.0152        0.2832       -6.0152
      74         0         5        19       -6.0151        0.5721       -6.0151
      75         0         6        19       -6.0153        0.3023       -6.0153
      76         0         7        19       -6.0153        0.2793       -6.0153
      77         0         8        19       -6.0154        0.2083       -6.0154
      78         0         9        19       -6.0156        0.2255       -6.0156
      79         0        10        19       -6.0156        0.2545       -6.0156
      80         0        11        19       -6.0156        0.2607       -6.0156
      81         0        12        19       -6.0156        0.1258       -6.0156
      82         0        13        19       -6.0156        0.1097       -6.0156
      83         0        14        19       -6.0157        0.0723       -6.0157
      84         0        15        19       -6.0157        0.0839       -6.0157
      85         0        16        19       -6.0157        0.1300       -6.0157
      86         0        17        19       -6.0157        0.1220       -6.0157
      87         0        18        19       -6.0157        0.0934       -6.0157
      88         0        19        19       -6.0157        0.0339       -6.0157
      89         2         0        19       -6.0122        0.4910       -6.0122
      90         2         1        19       -6.0127        0.3489       -6.0127
      91         2         2        19       -6.0132        0.7337       -6.0132
      92         2         3        19       -6.0135        0.2079       -6.0135
      93         2         4        19       -6.0135        0.2211       -6.0135
      94         2         5        19       -6.0136        0.2037       -6.0136
      95         2         6        19       -6.0139        0.1806       -6.0139
      96         2         7        19       -6.0142        0.2790       -6.0142
      97         2         8        19       -6.0142        0.3344       -6.0142
      98         2         9        19       -6.0143        0.2425       -6.0143
      99         2        10        19       -6.0144        0.4080       -6.0144
     100         2        11        19       -6.0145        0.3212       -6.0145
     101         2        12        19       -6.0147        0.1063       -6.0147
     102         2        13        19       -6.0147        0.1060       -6.0147
     103         2        14        19       -6.0147        0.0930       -6.0147
     104         2        15        19       -6.0148        0.1992       -6.0148
     105         2        16        19       -6.0149        0.5200       -6.0149
     106         2        17        19       -6.0149        0.4010       -6.0149
     107         2        18        19       -6.0149        0.3534       -6.0149
     108         2        19        19       -6.0149        0.2055       -6.0149
     109         2        20        19       -6.0150        0.1237       -6.0150
     110         2        21        19       -6.0150        0.1056       -6.0150
     111         2        22        19       -6.0150        0.1065       -6.0150
     112         2        23        19       -6.0150        0.1085       -6.0150
     113         2        24        19       -6.0151        0.1095       -6.0151
     114         2        25        19       -6.0152        0.1148       -6.0152
     115         2        26        19       -6.0152        0.1949       -6.0152
     116         2        27        19       -6.0152        0.1539       -6.0152
     117         2        28        19       -6.0153        0.1363       -6.0153
     118         2        29        19       -6.0154        0.3697       -6.0154
     119         2        30        19       -6.0154        0.3330       -6.0154
     120         2        31        19       -6.0155        0.2419       -6.0155
     121         2        32        19       -6.0156        0.0992       -6.0156
     122         2        33        19       -6.0156        0.0871       -6.0156
     123         2        34        19       -6.0156        0.0998       -6.0156
     124         2        35        19       -6.0156        0.0941       -6.0156
     125         2        36        19       -6.0156        0.0905       -6.0156
     126         2        37        19       -6.0156        0.0771       -6.0156
     127         2        38        19       -6.0156        0.1258       -6.0156
     128         2        39        19       -6.0156        0.3098       -6.0156
     129         2        40        19       -6.0156        0.2176       -6.0156
     130         2        41        19       -6.0156        0.1554       -6.0156
     131         2        42        19       -6.0156        0.0711       -6.0156
     132         2        43        19       -6.0156        0.0666       -6.0156
     133         2        44        19       -6.0157        0.0539       -6.0157
     134         2        45        19       -6.0157        0.0508       -6.0157
     135         2        46        19       -6.0157        0.0763       -6.0157
     136         2        47        19       -6.0157        0.1065       -6.0157
     137         2        48        19       -6.0157        0.1142       -6.0157
     138         2        49        19       -6.0157        0.0723       -6.0157
     139         2        50        19       -6.0157        0.0497       -6.0157
     140         2        51        19       -6.0157        0.0382       -6.0157
     141         4         0        19       -6.0128        0.4117       -6.0128
     142         4         1        19       -6.0132        0.3501       -6.0132
     143         4         2        19       -6.0137        0.5477       -6.0137
     144         4         3        19       -6.0139        0.1940       -6.0139
     145         4         4        19       -6.0139        0.2052       -6.0139
     146         4         5        19       -6.0140        0.2055       -6.0140
     147         4         6        19       -6.0143        0.2029       -6.0143
     148         4         7        19       -6.0147        0.2253       -6.0147
     149         4         8        19       -6.0147        0.2951       -6.0147
     150         4         9        19       -6.0149        0.2825       -6.0149
     151         4        10        19       -6.0153        0.5854       -6.0153
     152         4        11        19       -6.0154        0.1876       -6.0154
     153         4        12        19       -6.0154        0.2804       -6.0154
     154         4        13        19       -6.0155        0.2574       -6.0155
     155         4        14        19       -6.0157        0.1787       -6.0157
     156         4        15        19       -6.0157        0.2215       -6.0157
     157         4        16        19       -6.0158        0.1891       -6.0158
     158         4        17        19       -6.0159        0.2284       -6.0159
     159         4        18        19       -6.0160        0.5817       -6.0160
     160         4        19        19       -6.0160        0.5100       -6.0160
     161         4        20        19       -6.0161        0.2848       -6.0161
     162         4        21        19       -6.0161        0.4501       -6.0161
     163         4        22        19       -6.0162        0.1630       -6.0162
     164         4        23        19       -6.0162        0.1557       -6.0162
     165         4        24        19       -6.0163        0.1742       -6.0163
     166         4        25        19       -6.0164        0.2132       -6.0164
     167         4        26        19       -6.0165        0.2979       -6.0165
     168         4        27        19       -6.0165        0.3578       -6.0165
     169         4        28        19       -6.0165        0.1861       -6.0165
     170         4        29        19       -6.0166        0.1936       -6.0166
     171         4        30        19       -6.0167        0.2185       -6.0167
     172         4        31        19       -6.0167        0.2663       -6.0167
     173         4        32        19       -6.0167        0.2433       -6.0167
     174         4        33        19       -6.0168        0.1794       -6.0168
     175         4        34        19       -6.0168        0.2224       -6.0168
     176         4        35        19       -6.0168        0.1933       -6.0168
     177         4        36        19       -6.0170        0.1023       -6.0170
     178         4        37        19       -6.0170        0.1278       -6.0170
     179         4        38        19       -6.0170        0.1472       -6.0170
     180         4        39        19       -6.0170        0.2164       -6.0170
     181         4        40        19       -6.0170        0.1922       -6.0170
     182         4        41        19       -6.0170        0.1225       -6.0170
     183         4        42        19       -6.0170        0.1093       -6.0170
     184         4        43        19       -6.0171        0.0820       -6.0171
     185         4        44        19       -6.0171        0.0716       -6.0171
     186         4        45        19       -6.0171        0.1366       -6.0171
     187         4        46        19       -6.0171        0.3603       -6.0171
     188         4        47        19       -6.0171        0.2514       -6.0171
     189         4        48        19       -6.0171        0.2336       -6.0171
     190         4        49        19       -6.0171        0.1926       -6.0171
     191         4        50        19       -6.0171        0.1177       -6.0171
     192         4        51        19       -6.0171        0.0976       -6.0171
     193         4        52        19       -6.0171        0.0741       -6.0171
     194         4        53        19       -6.0171        0.0654       -6.0171
     195         4        54        19       -6.0171        0.0716       -6.0171
     196         4        55        19       -6.0171        0.0618       -6.0171
     197         4        56        19       -6.0171        0.0490       -6.0171
     198         4        57        19       -6.0171        0.1417       -6.0171
     199         4        58        19       -6.0171        0.1313       -6.0171
     200         4        59        19       -6.0171        0.0848       -6.0171
     201         4        60        19       -6.0171        0.0509       -6.0171
     202         4        61        19       -6.0171        0.0383       -6.0171
# random_seed 1112
