#  index    confid      step    natoms          aene        maxfrc         score
       0         8         0        19       -6.0894        0.1016        0.1016
       1         8         1        19       -6.0895        0.0915        0.0915
       2         8         2        19       -6.0895        0.1422        0.1422
       3         8         3        19       -6.0895        0.1144        0.1144
       4         8         4        19       -6.0895        0.1880        0.1880
       5         8         5        19       -6.0895        0.1595        0.1595
       6         8         6        19       -6.0895        0.0717        0.0717
       7         8         7        19       -6.0895        0.1122        0.1122
       8         8         8        19       -6.0895        0.0511        0.0511
       9         8         9        19       -6.0895        0.0483        0.0483
      22         3        12        19       -6.0538        0.1609        0.3248
      23         3        13        19       -6.0540        0.0989        0.2933
      24         3        14        19       -6.0540        0.1244        0.9170
      28         3        18        19       -6.0541        0.0786        0.7092
      29         3        19        19       -6.0541        0.0726        0.3491
      30         3        20        19       -6.0541        0.0514        0.6118
      31         3        21        19       -6.0541        0.0405        0.3361
      39         1         7        19       -6.0365        0.1726        0.3344
      40         1         8        19       -6.0366        0.1944        0.3194
      44         1        12        19       -6.0369        0.1492        0.2852
      45         1        13        19       -6.0369        0.1848        0.2288
      46         1        14        19       -6.0370        0.1762        0.2008
      47         1        15        19       -6.0370        0.1452        0.1609
      48         1        16        19       -6.0371        0.0866        0.0989
      49         1        17        19       -6.0371        0.1904        0.1244
      50         1        18        19       -6.0372        0.1107        0.4637
      51         1        19        19       -6.0372        0.1762        0.2995
      54         1        22        19       -6.0373        0.1691        0.2373
      55         1        23        19       -6.0374        0.1001        0.0786
      56         1        24        19       -6.0374        0.0783        0.0726
      57         1        25        19       -6.0374        0.0816        0.0514
      59         1        27        19       -6.0375        0.1786        0.0405
      60         1        28        19       -6.0375        0.0858        0.4457
      61         1        29        19       -6.0375        0.0835        0.3912
      62         1        30        19       -6.0375        0.0777        0.8059
      63         1        31        19       -6.0376        0.0671        0.3332
      64         1        32        19       -6.0376        0.0782        0.3069
      65         1        33        19       -6.0376        0.0636        0.2595
      66         1        34        19       -6.0376        0.1543        0.2051
      67         1        35        19       -6.0376        0.0440        0.1726
      68         1        36        19       -6.0376        0.0432        0.1944
      81         0        12        19       -6.0156        0.1258        0.5327
      82         0        13        19       -6.0156        0.1097        0.4849
      83         0        14        19       -6.0157        0.0723        0.3532
      84         0        15        19       -6.0157        0.0839        0.1492
      85         0        16        19       -6.0157        0.1300        0.1848
      86         0        17        19       -6.0157        0.1220        0.1762
      87         0        18        19       -6.0157        0.0934        0.1452
      88         0        19        19       -6.0157        0.0339        0.0866
      95         2         6        19       -6.0139        0.1806        0.1904
     101         2        12        19       -6.0147        0.1063        0.1107
     102         2        13        19       -6.0147        0.1060        0.1762
     103         2        14        19       -6.0147        0.0930        0.2119
     104         2        15        19       -6.0148        0.1992        0.2025
     109         2        20        19       -6.0150        0.1237        0.1691
     110         2        21        19       -6.0150        0.1056        0.1001
     111         2        22        19       -6.0150        0.1065        0.0783
     112         2        23        19       -6.0150        0.1085        0.0816
     113         2        24        19       -6.0151        0.1095        0.2551
     114         2        25        19       -6.0152        0.1148        0.1786
     115         2        26        19       -6.0152        0.1949        0.0858
     116         2        27        19       -6.0152        0.1539        0.0835
     117         2        28        19       -6.0153        0.1363        0.0777
     121         2        32        19       -6.0156        0.0992        0.0671
     122         2        33        19       -6.0156        0.0871        0.0782
     123         2        34        19       -6.0156        0.0998        0.0636
     124         2        35        19       -6.0156        0.0941        0.1543
     125         2        36        19       -6.0156        0.0905        0.0440
     126         2        37        19       -6.0156        0.0771        0.0432
     127         2        38        19       -6.0156        0.1258        0.3340
     130         2        41        19       -6.0156        0.1554        0.3220
     131         2        42        19       -6.0156        0.0711        0.6833
     132         2        43        19       -6.0156        0.0666        0.5591
     133         2        44        19       -6.0157        0.0539        0.2832
     134         2        45        19       -6.0157        0.0508        0.5721
     135         2        46        19       -6.0157        0.0763        0.3023
     136         2        47        19       -6.0157        0.1065        0.2793
     137         2        48        19       -6.0157        0.1142        0.2083
     138         2        49        19       -6.0157        0.0723        0.2255
     139         2        50        19       -6.0157        0.0497        0.2545
     140         2        51        19       -6.0157        0.0382        0.2607
     144         4         3        19       -6.0139        0.1940        0.1258
     152         4        11        19       -6.0154        0.1876        0.1097
     155         4        14        19       -6.0157        0.1787        0.0723
     157         4        16        19       -6.0158        0.1891        0.0839
     163         4        22        19       -6.0162        0.1630        0.1300
     164         4        23        19       -6.0162        0.1557        0.1220
     165         4        24        19       -6.0163        0.1742        0.0934
     169         4        28        19       -6.0165        0.1861        0.0339
     170         4        29        19       -6.0166        0.1936        0.4910
     174         4        33        19       -6.0168        0.1794        0.3489
     176         4        35        19       -6.0168        0.1933        0.7337
     177         4        36        19       -6.0170        0.1023        0.2079
     178         4        37        19       -6.0170        0.1278        0.2211
     179         4        38        19       -6.0170        0.1472        0.2037
     181         4        40        19       -6.0170        0.1922        0.1806
     182         4        41        19       -6.0170        0.1225        0.2790
     183         4        42        19       -6.0170        0.1093        0.3344
     184         4        43        19       -6.0171        0.0820        0.2425
     185         4        44        19       -6.0171        0.0716        0.4080
     186         4        45        19       -6.0171        0.1366        0.3212
     190         4        49        19       -6.0171        0.1926        0.1063
     191         4        50        19       -6.0171        0.1177        0.1060
     192         4        51        19       -6.0171        0.0976        0.0930
     193         4        52        19       -6.0171        0.0741        0.1992
     194         4        53        19       -6.0171        0.0654        0.5200
     195         4        54        19       -6.0171        0.0716        0.4010
     196         4        55        19       -6.0171        0.0618        0.3534
     197         4        56        19       -6.0171        0.0490        0.2055
     198         4        57        19       -6.0171        0.1417        0.1237
     199         4        58        19       -6.0171        0.1313        0.1056
     200         4        59        19       -6.0171        0.0848        0.1065
     201         4        60        19       -6.0171        0.0509        0.1085
     202         4        61        19       -6.0171        0.0383        0.1095
# random_seed 1112
