# init dscribe                 init devi                    
                      20                        0                        0
                      21                        1                        1
                      26                        5                        2
                      27                        9                        3
                      -1                       12                        4
                      -1                       13                        5
                      -1                       20                        6
                      -1                       21                        7
                      -1                       22                        8
                      -1                       23                        9
                      -1                       25                       10
                      -1                       26                       11
                      -1                       27                       12
                      -1                       -1                       13
                      -1                       -1                       14
                      -1                       -1                       15
                      -1                       -1                       16
                      -1                       -1                       17
                      -1                       -1                       18
                      -1                       -1                       19
                      -1                       -1                       20
                      -1                       -1                       21
                      -1                       -1                       22
                      -1                       -1                       23
                      -1                       -1                       24
                      -1                       -1                       25
                      -1                       -1                       26
                      -1                       -1                       27
                      -1                       -1                       28
                      -1                       -1                       29
                      -1                       -1                       30
                      -1                       -1                       31
