# init deviation               init descriptor              
                       0                        0                        0
                       1                        2                        3
                       2                        3                       16
                       3                        5                       17
                       4                        6                       -1
                       5                        7                       -1
                       6                        8                       -1
                       7                       12                       -1
                       8                       13                       -1
                       9                       16                       -1
                      10                       17                       -1
                      11                       20                       -1
                      12                       -1                       -1
                      13                       -1                       -1
                      14                       -1                       -1
                      15                       -1                       -1
                      16                       -1                       -1
                      17                       -1                       -1
                      18                       -1                       -1
                      19                       -1                       -1
                      20                       -1                       -1
